-0.510000 -1.640301 
-0.500000 -1.632999 
-0.490000 -1.625404 
-0.480000 -1.617565 
-0.470000 -1.609474 
-0.460000 -1.601086 
-0.450000 -1.592409 
-0.440000 -1.583399 
-0.430000 -1.574070 
-0.420000 -1.564393 
-0.410000 -1.554369 
-0.400000 -1.543946 
-0.390000 -1.533132 
-0.380000 -1.521900 
-0.370000 -1.510211 
-0.360000 -1.498049 
-0.350000 -1.485390 
-0.340000 -1.472205 
-0.330000 -1.458464 
-0.320000 -1.444136 
-0.310000 -1.429188 
-0.300000 -1.413572 
-0.290000 -1.397259 
-0.280000 -1.380190 
-0.270000 -1.362306 
-0.260000 -1.343602 
-0.250000 -1.323984 
-0.240000 -1.303374 
-0.230000 -1.281756 
-0.220000 -1.259012 
-0.210000 -1.235088 
-0.200000 -1.209881 
-0.190000 -1.183312 
-0.180000 -1.155233 
-0.170000 -1.125570 
-0.160000 -1.094193 
-0.150000 -1.060917 
-0.140000 -1.025613 
-0.130000 -0.988098 
-0.120000 -0.948307 
-0.110000 -0.905844 
-0.100000 -0.860395 
-0.090000 -0.811572 
-0.080000 -0.758896 
-0.070000 -0.701820 
-0.060000 -0.639570 
-0.050000 -0.571188 
-0.040000 -0.495306 
-0.030000 -0.409851 
-0.020000 -0.311360 
-0.010000 -0.192175 
0.000000 0.000000 
0.010000 0.196769 
0.020000 0.326075 
0.030000 0.438637 
0.040000 0.541203 
0.050000 0.636643 
0.060000 0.726563 
0.070000 0.811957 
0.080000 0.893521 
0.090000 0.971751 
0.100000 1.047066 
0.110000 1.119766 
0.120000 1.190083 
0.130000 1.258309 
0.140000 1.324436 
0.150000 1.388429 
0.160000 1.450507 
0.170000 1.510724 
0.180000 1.569117 
0.190000 1.625823 
0.200000 1.680826 
0.210000 1.734276 
0.220000 1.786175 
0.230000 1.836613 
0.240000 1.885679 
0.250000 1.933343 
0.260000 1.979697 
0.270000 2.024507 
0.280000 2.067864 
0.290000 2.109862 
0.300000 2.150478 
0.310000 2.189839 
0.320000 2.227992 
0.330000 2.264981 
0.340000 2.300838 
0.350000 2.335619 
0.360000 2.369382 
0.370000 2.402155 
0.380000 2.433954 
0.390000 2.464849 
0.400000 2.494892 
0.410000 2.524057 
0.420000 2.552421 
0.430000 2.579991 
0.440000 2.606850 
0.450000 2.632957 
0.460000 2.658342 
0.470000 2.683081 
0.480000 2.707150 
