-10.020000 -1.972267 
-10.000000 -1.972255 
-9.980000 -1.972243 
-9.960000 -1.972231 
-9.940000 -1.972218 
-9.920000 -1.972206 
-9.900000 -1.972192 
-9.880000 -1.972177 
-9.860000 -1.972161 
-9.840000 -1.972145 
-9.820000 -1.972130 
-9.800000 -1.972114 
-9.780000 -1.972099 
-9.760000 -1.972083 
-9.740000 -1.972067 
-9.720000 -1.972052 
-9.700000 -1.972036 
-9.680000 -1.972020 
-9.660000 -1.972005 
-9.640000 -1.971989 
-9.620000 -1.971973 
-9.600000 -1.971958 
-9.580000 -1.971942 
-9.560000 -1.971926 
-9.540000 -1.971911 
-9.520000 -1.971895 
-9.500000 -1.971879 
-9.480000 -1.971864 
-9.460000 -1.971848 
-9.440000 -1.971833 
-9.420000 -1.971817 
-9.400000 -1.971801 
-9.380000 -1.971786 
-9.360000 -1.971770 
-9.340000 -1.971754 
-9.320000 -1.971739 
-9.300000 -1.971723 
-9.280000 -1.971707 
-9.260000 -1.971692 
-9.240000 -1.971676 
-9.220000 -1.971659 
-9.200000 -1.971642 
-9.180000 -1.971625 
-9.160000 -1.971608 
-9.140000 -1.971592 
-9.120000 -1.971575 
-9.100000 -1.971558 
-9.080000 -1.971541 
-9.060000 -1.971524 
-9.040000 -1.971508 
-9.020000 -1.971491 
-9.000000 -1.971474 
-8.980000 -1.971454 
-8.960000 -1.971434 
-8.940000 -1.971413 
-8.920000 -1.971392 
-8.900000 -1.971371 
-8.880000 -1.971350 
-8.860000 -1.971330 
-8.840000 -1.971309 
-8.820000 -1.971288 
-8.800000 -1.971267 
-8.780000 -1.971246 
-8.760000 -1.971226 
-8.740000 -1.971205 
-8.720000 -1.971184 
-8.700000 -1.971163 
-8.680000 -1.971142 
-8.660000 -1.971121 
-8.640000 -1.971101 
-8.620000 -1.971080 
-8.600000 -1.971059 
-8.580000 -1.971038 
-8.560000 -1.971017 
-8.540000 -1.970997 
-8.520000 -1.970976 
-8.500000 -1.970955 
-8.480000 -1.970934 
-8.460000 -1.970913 
-8.440000 -1.970892 
-8.420000 -1.970872 
-8.400000 -1.970851 
-8.380000 -1.970830 
-8.360000 -1.970809 
-8.340000 -1.970788 
-8.320000 -1.970768 
-8.300000 -1.970747 
-8.280000 -1.970726 
-8.260000 -1.970705 
-8.240000 -1.970684 
-8.220000 -1.970663 
-8.200000 -1.970637 
-8.180000 -1.970611 
-8.160000 -1.970586 
-8.140000 -1.970560 
-8.120000 -1.970535 
-8.100000 -1.970509 
-8.080000 -1.970484 
-8.060000 -1.970458 
-8.040000 -1.970433 
-8.020000 -1.970992 
-8.000000 -1.970967 
-7.980000 -1.970942 
-7.960000 -1.970917 
-7.940000 -1.970892 
-7.920000 -1.970867 
-7.900000 -1.970842 
-7.880000 -1.970817 
-7.860000 -1.970792 
-7.840000 -1.970767 
-7.820000 -1.970742 
-7.800000 -1.970717 
-7.780000 -1.970692 
-7.760000 -1.970667 
-7.740000 -1.970640 
-7.720000 -1.970613 
-7.700000 -1.970584 
-7.680000 -1.970552 
-7.660000 -1.970520 
-7.640000 -1.970488 
-7.620000 -1.970456 
-7.600000 -1.970424 
-7.580000 -1.970392 
-7.560000 -1.970360 
-7.540000 -1.970328 
-7.520000 -1.970296 
-7.500000 -1.970264 
-7.480000 -1.970232 
-7.460000 -1.970200 
-7.440000 -1.970168 
-7.420000 -1.970136 
-7.400000 -1.970104 
-7.380000 -1.970072 
-7.360000 -1.970040 
-7.340000 -1.970008 
-7.320000 -1.969976 
-7.300000 -1.969944 
-7.280000 -1.969912 
-7.260000 -1.969880 
-7.240000 -1.969848 
-7.220000 -1.969816 
-7.200000 -1.969784 
-7.180000 -1.969752 
-7.160000 -1.969720 
-7.140000 -1.969688 
-7.120000 -1.969654 
-7.100000 -1.969616 
-7.080000 -1.969578 
-7.060000 -1.969540 
-7.040000 -1.969502 
-7.020000 -1.969463 
-7.000000 -1.969425 
-6.980000 -1.969387 
-6.960000 -1.969349 
-6.940000 -1.969311 
-6.920000 -1.969272 
-6.900000 -1.969234 
-6.880000 -1.969196 
-6.860000 -1.969158 
-6.840000 -1.969120 
-6.820000 -1.969081 
-6.800000 -1.969042 
-6.780000 -1.969001 
-6.760000 -1.968961 
-6.740000 -1.968921 
-6.720000 -1.968881 
-6.700000 -1.968840 
-6.680000 -1.968800 
-6.660000 -1.968760 
-6.640000 -1.968720 
-6.620000 -1.968679 
-6.600000 -1.968633 
-6.580000 -1.968586 
-6.560000 -1.968538 
-6.540000 -1.968491 
-6.520000 -1.968444 
-6.500000 -1.968396 
-6.480000 -1.968349 
-6.460000 -1.968302 
-6.440000 -1.968254 
-6.420000 -1.968207 
-6.400000 -1.968160 
-6.380000 -1.968112 
-6.360000 -1.968065 
-6.340000 -1.968017 
-6.320000 -1.967970 
-6.300000 -1.967923 
-6.280000 -1.967875 
-6.260000 -1.967828 
-6.240000 -1.967781 
-6.220000 -1.967733 
-6.200000 -1.968404 
-6.180000 -1.968350 
-6.160000 -1.968295 
-6.140000 -1.968241 
-6.120000 -1.968186 
-6.100000 -1.968132 
-6.080000 -1.968077 
-6.060000 -1.968023 
-6.040000 -1.967968 
-6.020000 -1.967914 
-6.000000 -1.967859 
-5.980000 -1.967805 
-5.960000 -1.967750 
-5.940000 -1.967694 
-5.920000 -1.967637 
-5.900000 -1.967580 
-5.880000 -1.967522 
-5.860000 -1.967462 
-5.840000 -1.967396 
-5.820000 -1.967330 
-5.800000 -1.967264 
-5.780000 -1.967198 
-5.760000 -1.967132 
-5.740000 -1.967066 
-5.720000 -1.967000 
-5.700000 -1.966934 
-5.680000 -1.966868 
-5.660000 -1.966802 
-5.640000 -1.966736 
-5.620000 -1.966670 
-5.600000 -1.966603 
-5.580000 -1.966537 
-5.560000 -1.966471 
-5.540000 -1.966405 
-5.520000 -1.966339 
-5.500000 -1.966271 
-5.480000 -1.966195 
-5.460000 -1.966119 
-5.440000 -1.966043 
-5.420000 -1.965967 
-5.400000 -1.965891 
-5.380000 -1.965815 
-5.360000 -1.965737 
-5.340000 -1.965658 
-5.320000 -1.965578 
-5.300000 -1.965499 
-5.280000 -1.965420 
-5.260000 -1.965341 
-5.240000 -1.965262 
-5.220000 -1.965182 
-5.200000 -1.965103 
-5.180000 -1.965024 
-5.160000 -1.964933 
-5.140000 -1.964843 
-5.120000 -1.964753 
-5.100000 -1.964663 
-5.080000 -1.964573 
-5.060000 -1.964482 
-5.040000 -1.964392 
-5.020000 -1.965161 
-5.000000 -1.965072 
-4.980000 -1.964983 
-4.960000 -1.964892 
-4.940000 -1.964791 
-4.920000 -1.964690 
-4.900000 -1.964588 
-4.880000 -1.964487 
-4.860000 -1.964386 
-4.840000 -1.964285 
-4.820000 -1.964184 
-4.800000 -1.964081 
-4.780000 -1.963975 
-4.760000 -1.963870 
-4.740000 -1.963765 
-4.720000 -1.963660 
-4.700000 -1.963555 
-4.680000 -1.963442 
-4.660000 -1.963324 
-4.640000 -1.963205 
-4.620000 -1.963087 
-4.600000 -1.962969 
-4.580000 -1.962851 
-4.560000 -1.962732 
-4.540000 -1.962614 
-4.520000 -1.962496 
-4.500000 -1.962378 
-4.480000 -1.962259 
-4.460000 -1.962141 
-4.440000 -1.962019 
-4.420000 -1.961886 
-4.400000 -1.961748 
-4.380000 -1.961611 
-4.360000 -1.961474 
-4.340000 -1.961336 
-4.320000 -1.961199 
-4.300000 -1.961061 
-4.280000 -1.960924 
-4.260000 -1.960786 
-4.240000 -1.960649 
-4.220000 -1.960511 
-4.200000 -1.961313 
-4.180000 -1.961162 
-4.160000 -1.961010 
-4.140000 -1.960859 
-4.120000 -1.960707 
-4.100000 -1.960555 
-4.080000 -1.960404 
-4.060000 -1.960242 
-4.040000 -1.960074 
-4.020000 -1.959903 
-4.000000 -1.959729 
-3.980000 -1.959555 
-3.960000 -1.959381 
-3.940000 -1.959207 
-3.920000 -1.959032 
-3.900000 -1.958858 
-3.880000 -1.958684 
-3.860000 -1.958494 
-3.840000 -1.958301 
-3.820000 -1.958108 
-3.800000 -1.957916 
-3.780000 -1.957723 
-3.760000 -1.957530 
-3.740000 -1.957337 
-3.720000 -1.957138 
-3.700000 -1.956939 
-3.680000 -1.956722 
-3.660000 -1.956503 
-3.640000 -1.956284 
-3.620000 -1.956065 
-3.600000 -1.955845 
-3.580000 -1.956717 
-3.560000 -1.956479 
-3.540000 -1.956240 
-3.520000 -1.956002 
-3.500000 -1.955764 
-3.480000 -1.955526 
-3.460000 -1.955287 
-3.440000 -1.955045 
-3.420000 -1.954794 
-3.400000 -1.954525 
-3.380000 -1.954257 
-3.360000 -1.953988 
-3.340000 -1.953720 
-3.320000 -1.953451 
-3.300000 -1.953183 
-3.280000 -1.952914 
-3.260000 -1.952622 
-3.240000 -1.952329 
-3.220000 -1.952029 
-3.200000 -1.951727 
-3.180000 -1.951426 
-3.160000 -1.951124 
-3.140000 -1.950819 
-3.120000 -1.950491 
-3.100000 -1.951330 
-3.080000 -1.951005 
-3.060000 -1.950680 
-3.040000 -1.950332 
-3.020000 -1.949980 
-3.000000 -1.949621 
-2.980000 -1.949259 
-2.960000 -1.948897 
-2.940000 -1.948534 
-2.920000 -1.948149 
-2.900000 -1.947757 
-2.880000 -1.947365 
-2.860000 -1.946973 
-2.840000 -1.946579 
-2.820000 -1.946174 
-2.800000 -1.945740 
-2.780000 -1.945306 
-2.760000 -1.944872 
-2.740000 -1.945704 
-2.720000 -1.945240 
-2.700000 -1.944776 
-2.680000 -1.944312 
-2.660000 -1.943845 
-2.640000 -1.943355 
-2.620000 -1.942844 
-2.600000 -1.942332 
-2.580000 -1.941821 
-2.560000 -1.941310 
-2.540000 -1.940777 
-2.520000 -1.940222 
-2.500000 -1.939660 
-2.480000 -1.939099 
-2.460000 -1.938537 
-2.440000 -1.937936 
-2.420000 -1.938671 
-2.400000 -1.938065 
-2.380000 -1.937424 
-2.360000 -1.936771 
-2.340000 -1.936118 
-2.320000 -1.935462 
-2.300000 -1.934766 
-2.280000 -1.934070 
-2.260000 -1.933362 
-2.240000 -1.932643 
-2.220000 -1.931885 
-2.200000 -1.931128 
-2.180000 -1.931769 
-2.160000 -1.930968 
-2.140000 -1.930156 
-2.120000 -1.929329 
-2.100000 -1.928460 
-2.080000 -1.927592 
-2.060000 -1.926721 
-2.040000 -1.925795 
-2.020000 -1.924855 
-2.000000 -1.923915 
-1.980000 -1.922950 
-1.960000 -1.923421 
-1.940000 -1.922380 
-1.920000 -1.921312 
-1.900000 -1.920245 
-1.880000 -1.919144 
-1.860000 -1.917994 
-1.840000 -1.916844 
-1.820000 -1.915656 
-1.800000 -1.914431 
-1.780000 -1.914703 
-1.760000 -1.913408 
-1.740000 -1.912094 
-1.720000 -1.910720 
-1.700000 -1.909331 
-1.680000 -1.907893 
-1.660000 -1.906425 
-1.640000 -1.904922 
-1.620000 -1.904938 
-1.600000 -1.903320 
-1.580000 -1.901669 
-1.560000 -1.899966 
-1.540000 -1.898227 
-1.520000 -1.896430 
-1.500000 -1.894579 
-1.480000 -1.894282 
-1.460000 -1.892318 
-1.440000 -1.890268 
-1.420000 -1.888195 
-1.400000 -1.886018 
-1.380000 -1.883819 
-1.360000 -1.883154 
-1.340000 -1.880757 
-1.320000 -1.878304 
-1.300000 -1.875766 
-1.280000 -1.873144 
-1.260000 -1.872100 
-1.240000 -1.869301 
-1.220000 -1.866369 
-1.200000 -1.863364 
-1.180000 -1.860263 
-1.160000 -1.858717 
-1.140000 -1.855338 
-1.120000 -1.851847 
-1.100000 -1.848257 
-1.080000 -1.846193 
-1.060000 -1.842295 
-1.040000 -1.838230 
-1.020000 -1.834012 
-1.000000 -1.831332 
-0.980000 -1.826740 
-0.960000 -1.821976 
-0.940000 -1.818734 
-0.920000 -1.813519 
-0.900000 -1.808095 
-0.880000 -1.802448 
-0.860000 -1.798235 
-0.840000 -1.792038 
-0.820000 -1.785568 
-0.800000 -1.780437 
-0.780000 -1.773306 
-0.760000 -1.767503 
-0.740000 -1.759622 
-0.720000 -1.751377 
-0.700000 -1.744326 
-0.680000 -1.735192 
-0.660000 -1.727174 
-0.640000 -1.717002 
-0.620000 -1.707870 
-0.600000 -1.696483 
-0.580000 -1.686036 
-0.560000 -1.673285 
-0.540000 -1.661295 
-0.520000 -1.646901 
-0.500000 -1.633104 
-0.480000 -1.618229 
-0.460000 -1.600801 
-0.440000 -1.583565 
-0.420000 -1.564965 
-0.400000 -1.543542 
-0.380000 -1.521803 
-0.360000 -1.498207 
-0.340000 -1.472560 
-0.320000 -1.444630 
-0.300000 -1.413125 
-0.280000 -1.379815 
-0.260000 -1.343296 
-0.240000 -1.303100 
-0.220000 -1.258755 
-0.200000 -1.209634 
-0.180000 -1.155016 
-0.160000 -1.094021 
-0.140000 -1.025516 
-0.120000 -0.948291 
-0.100000 -0.860391 
-0.080000 -0.758919 
-0.060000 -0.639561 
-0.040000 -0.495351 
-0.020000 -0.311288 
0.000000 0.000000 
0.020000 0.326758 
0.040000 0.539325 
0.060000 0.724978 
0.080000 0.893708 
0.100000 1.049754 
0.120000 1.195505 
0.140000 1.332769 
0.160000 1.461929 
0.180000 1.583728 
0.200000 1.698708 
0.220000 1.807375 
0.240000 1.910217 
0.260000 2.006750 
0.280000 2.096886 
0.300000 2.181213 
0.320000 2.260239 
0.340000 2.334400 
0.360000 2.404104 
0.380000 2.469679 
0.400000 2.531499 
0.420000 2.589792 
0.440000 2.644848 
0.460000 2.696925 
0.480000 2.746225 
0.500000 2.792918 
0.520000 2.837235 
0.540000 2.879304 
0.560000 2.919313 
0.580000 2.957330 
0.600000 2.993528 
0.620000 3.028051 
0.640000 3.060923 
0.660000 3.091566 
0.680000 3.119912 
0.700000 3.146244 
0.720000 3.170782 
0.740000 3.193726 
0.760000 3.215238 
0.780000 3.235460 
0.800000 3.254461 
0.820000 3.272420 
0.840000 3.289376 
0.860000 3.305447 
0.880000 3.320672 
0.900000 3.335148 
0.920000 3.348878 
0.940000 3.361977 
0.960000 3.374457 
0.980000 3.386357 
1.000000 3.397724 
1.020000 3.408618 
1.040000 3.419021 
1.060000 3.428975 
1.080000 3.438527 
1.100000 3.447689 
1.120000 3.456484 
1.140000 3.464936 
1.160000 3.473063 
1.180000 3.480880 
1.200000 3.488404 
1.220000 3.495651 
1.240000 3.502636 
1.260000 3.509373 
1.280000 3.515876 
1.300000 3.522148 
1.320000 3.528212 
1.340000 3.534061 
1.360000 3.539710 
1.380000 3.545167 
1.400000 3.550459 
1.420000 3.555599 
1.440000 3.560551 
1.460000 3.565338 
1.480000 3.569998 
1.500000 3.574520 
1.520000 3.578888 
1.540000 3.583116 
1.560000 3.587251 
1.580000 3.591240 
1.600000 3.595113 
1.620000 3.598896 
1.640000 3.602550 
1.660000 3.606101 
1.680000 3.609589 
1.700000 3.612922 
1.720000 3.616214 
1.740000 3.619385 
1.760000 3.622484 
1.780000 3.625513 
1.800000 3.628434 
1.820000 3.631318 
1.840000 3.634084 
1.860000 3.636823 
1.880000 3.639451 
1.900000 3.642055 
1.920000 3.644543 
1.940000 3.647030 
1.960000 3.649396 
1.980000 3.651751 
2.000000 3.654017 
2.020000 3.656256 
2.040000 3.658416 
2.060000 3.660543 
2.080000 3.662628 
2.100000 3.664638 
2.120000 3.666637 
2.140000 3.668552 
2.160000 3.670463 
2.180000 3.672296 
2.200000 3.674101 
2.220000 3.675888 
2.240000 3.677603 
2.260000 3.679303 
2.280000 3.680951 
2.300000 3.682566 
2.320000 3.684181 
2.340000 3.685710 
2.360000 3.687228 
2.380000 3.688734 
2.400000 3.690173 
2.420000 3.691611 
2.440000 3.693022 
2.460000 3.694370 
2.480000 3.695719 
2.500000 3.697051 
2.520000 3.698327 
2.540000 3.699597 
2.560000 3.700854 
2.580000 3.702047 
2.600000 3.703240 
2.620000 3.704433 
2.640000 3.705571 
2.660000 3.706690 
2.680000 3.707804 
2.700000 3.708892 
2.720000 3.709941 
2.740000 3.710991 
2.760000 3.712040 
2.780000 3.713037 
2.800000 3.714014 
2.820000 3.714991 
2.840000 3.715960 
2.860000 3.716879 
2.880000 3.717797 
2.900000 3.718715 
2.920000 3.719619 
2.940000 3.720472 
2.960000 3.721325 
2.980000 3.722177 
3.000000 3.723019 
3.020000 3.723817 
3.040000 3.724616 
3.060000 3.725414 
3.080000 3.726212 
3.100000 3.726956 
3.120000 3.727694 
3.140000 3.728433 
3.160000 3.729171 
3.180000 3.729887 
3.200000 3.730576 
3.220000 3.731266 
3.240000 3.731955 
3.260000 3.732644 
3.280000 3.733292 
3.300000 3.733927 
3.320000 3.734563 
3.340000 3.735198 
3.360000 3.735833 
3.380000 3.736431 
3.400000 3.737022 
3.420000 3.737613 
3.440000 3.738204 
3.460000 3.738794 
3.480000 3.739354 
3.500000 3.739897 
3.520000 3.740439 
3.540000 3.740981 
3.560000 3.741523 
3.580000 3.742058 
3.600000 3.742560 
3.620000 3.743063 
3.640000 3.743565 
3.660000 3.744067 
3.680000 3.744569 
3.700000 3.745056 
3.720000 3.745516 
3.740000 3.745975 
3.760000 3.746434 
3.780000 3.746892 
3.800000 3.747351 
3.820000 3.747799 
3.840000 3.748222 
3.860000 3.748645 
3.880000 3.749068 
3.900000 3.749491 
3.920000 3.749914 
3.940000 3.750337 
3.960000 3.750731 
3.980000 3.751120 
4.000000 3.751504 
4.020000 3.751888 
4.040000 3.752273 
4.060000 3.752657 
4.080000 3.753041 
4.100000 3.753394 
4.120000 3.753747 
4.140000 3.754099 
4.160000 3.754452 
4.180000 3.754805 
4.200000 3.755157 
4.220000 3.755510 
4.240000 3.755841 
4.260000 3.756164 
4.280000 3.756487 
4.300000 3.756808 
4.320000 3.757126 
4.340000 3.757445 
4.360000 3.757763 
4.380000 3.758082 
4.400000 3.758373 
4.420000 3.758664 
4.440000 3.758954 
4.460000 3.759245 
4.480000 3.759535 
4.500000 3.759826 
4.520000 3.760116 
4.540000 3.760407 
4.560000 3.760679 
4.580000 3.760943 
4.600000 3.761208 
4.620000 3.761472 
4.640000 3.761736 
4.660000 3.762001 
4.680000 3.762262 
4.700000 3.762523 
4.720000 3.762784 
4.740000 3.763023 
4.760000 3.763260 
4.780000 3.763496 
4.800000 3.763732 
4.820000 3.763968 
4.840000 3.764204 
4.860000 3.764441 
4.880000 3.764677 
4.900000 3.764913 
4.920000 3.765140 
4.940000 3.765354 
4.960000 3.765567 
4.980000 3.765780 
5.000000 3.765994 
5.020000 3.766207 
5.040000 3.766420 
5.060000 3.766634 
5.080000 3.766847 
5.100000 3.767061 
5.120000 3.767268 
5.140000 3.767457 
5.160000 3.767646 
5.180000 3.767836 
5.200000 3.768025 
5.220000 3.768214 
5.240000 3.768403 
5.260000 3.768592 
5.280000 3.768782 
5.300000 3.768971 
5.320000 3.769160 
5.340000 3.769344 
5.360000 3.769513 
5.380000 3.769683 
5.400000 3.769852 
5.420000 3.770022 
5.440000 3.770191 
5.460000 3.770361 
5.480000 3.770530 
5.500000 3.770699 
5.520000 3.770869 
5.540000 3.771038 
5.560000 3.771208 
5.580000 3.771369 
5.600000 3.771521 
5.620000 3.771672 
5.640000 3.771823 
5.660000 3.771974 
5.680000 3.772123 
5.700000 3.772272 
5.720000 3.772421 
5.740000 3.772570 
5.760000 3.772719 
5.780000 3.772867 
5.800000 3.773016 
5.820000 3.773165 
5.840000 3.773304 
5.860000 3.773436 
5.880000 3.773568 
5.900000 3.773700 
5.920000 3.773832 
5.940000 3.773964 
5.960000 3.774096 
5.980000 3.774228 
6.000000 3.774360 
6.020000 3.774492 
6.040000 3.774624 
6.060000 3.774756 
6.080000 3.774888 
6.100000 3.775020 
6.120000 3.775142 
6.140000 3.775258 
6.160000 3.775375 
6.180000 3.775492 
6.200000 3.775608 
6.220000 3.775725 
6.240000 3.775842 
6.260000 3.775958 
6.280000 3.776075 
6.300000 3.776192 
6.320000 3.776308 
6.340000 3.776425 
6.360000 3.776540 
6.380000 3.776655 
6.400000 3.776770 
6.420000 3.776877 
6.440000 3.776978 
6.460000 3.777079 
6.480000 3.777179 
6.500000 3.777280 
6.520000 3.777381 
6.540000 3.777481 
6.560000 3.777582 
6.580000 3.777683 
6.600000 3.777783 
6.620000 3.777884 
6.640000 3.777985 
6.660000 3.778085 
6.680000 3.778186 
6.700000 3.778286 
6.720000 3.778387 
6.740000 3.778488 
6.760000 3.778577 
6.780000 3.778665 
6.800000 3.778753 
6.820000 3.778841 
6.840000 3.778929 
6.860000 3.779016 
6.880000 3.779104 
6.900000 3.779192 
6.920000 3.779280 
6.940000 3.779368 
6.960000 3.779455 
6.980000 3.779543 
7.000000 3.779631 
7.020000 3.779719 
7.040000 3.779807 
7.060000 3.779894 
7.080000 3.779982 
7.100000 3.780070 
7.120000 3.780151 
7.140000 3.780227 
7.160000 3.780304 
7.180000 3.780380 
7.200000 3.780456 
7.220000 3.780532 
7.240000 3.780607 
7.260000 3.780682 
7.280000 3.780756 
7.300000 3.780831 
7.320000 3.780906 
7.340000 3.780980 
7.360000 3.781055 
7.380000 3.781130 
7.400000 3.781205 
7.420000 3.781279 
7.440000 3.781354 
7.460000 3.781429 
7.480000 3.781503 
7.500000 3.781578 
7.520000 3.781649 
7.540000 3.781714 
7.560000 3.781778 
7.580000 3.781842 
7.600000 3.781906 
7.620000 3.781970 
7.640000 3.782034 
7.660000 3.782099 
7.680000 3.782163 
7.700000 3.782227 
7.720000 3.782291 
7.740000 3.782355 
7.760000 3.782419 
7.780000 3.782484 
7.800000 3.782548 
7.820000 3.782612 
7.840000 3.782676 
7.860000 3.782740 
7.880000 3.782804 
7.900000 3.782869 
7.920000 3.782933 
7.940000 3.782997 
7.960000 3.783061 
7.980000 3.783117 
8.000000 3.783172 
8.020000 3.783227 
8.040000 3.783282 
8.060000 3.783336 
8.080000 3.783391 
8.100000 3.783446 
8.120000 3.783500 
8.140000 3.783555 
8.160000 3.783610 
8.180000 3.783665 
8.200000 3.783719 
8.220000 3.783774 
8.240000 3.783829 
8.260000 3.783883 
8.280000 3.783938 
8.300000 3.783993 
8.320000 3.784048 
8.340000 3.784102 
8.360000 3.784157 
8.380000 3.784212 
8.400000 3.784266 
8.420000 3.784320 
8.440000 3.784374 
8.460000 3.784427 
8.480000 3.784475 
8.500000 3.784520 
8.520000 3.784566 
8.540000 3.784611 
8.560000 3.784656 
8.580000 3.784701 
8.600000 3.784746 
8.620000 3.784792 
8.640000 3.784837 
8.660000 3.784882 
8.680000 3.784927 
8.700000 3.784973 
8.720000 3.785018 
8.740000 3.785063 
8.760000 3.785108 
8.780000 3.785154 
8.800000 3.785199 
8.820000 3.785244 
8.840000 3.785289 
8.860000 3.785335 
8.880000 3.785380 
8.900000 3.785425 
8.920000 3.785470 
8.940000 3.785516 
8.960000 3.785561 
8.980000 3.785606 
9.000000 3.785651 
9.020000 3.785696 
9.040000 3.785738 
9.060000 3.785776 
9.080000 3.785814 
9.100000 3.785852 
9.120000 3.785890 
9.140000 3.785927 
9.160000 3.785965 
9.180000 3.786003 
9.200000 3.786041 
9.220000 3.786078 
9.240000 3.786116 
9.260000 3.786154 
9.280000 3.786192 
9.300000 3.786230 
9.320000 3.786267 
9.340000 3.786305 
9.360000 3.786343 
9.380000 3.786381 
9.400000 3.786418 
9.420000 3.786456 
9.440000 3.786494 
9.460000 3.786532 
9.480000 3.786569 
9.500000 3.786607 
9.520000 3.786645 
9.540000 3.786683 
9.560000 3.786721 
9.580000 3.786758 
9.600000 3.786796 
9.620000 3.786834 
9.640000 3.786872 
9.660000 3.786909 
9.680000 3.786945 
9.700000 3.786976 
9.720000 3.787007 
9.740000 3.787038 
9.760000 3.787069 
9.780000 3.787101 
9.800000 3.787132 
9.820000 3.787163 
9.840000 3.787194 
9.860000 3.787225 
9.880000 3.787257 
9.900000 3.787288 
9.920000 3.787319 
9.940000 3.787350 
9.960000 3.787381 
