-10.000000 -1.972158 
-9.800000 -1.972039 
-9.600000 -1.971920 
-9.400000 -1.971801 
-9.200000 -1.971671 
-9.000000 -1.971530 
-8.800000 -1.971377 
-8.600000 -1.971211 
-8.400000 -1.971045 
-8.200000 -1.970861 
-8.000000 -1.970667 
-7.800000 -1.970451 
-7.600000 -1.970227 
-7.400000 -1.969980 
-7.200000 -1.969721 
-7.000000 -1.969433 
-6.800000 -1.969123 
-6.600000 -1.968787 
-6.400000 -1.968428 
-6.200000 -1.968020 
-6.000000 -1.967594 
-5.800000 -1.967115 
-5.600000 -1.966582 
-5.400000 -1.966013 
-5.200000 -1.965358 
-5.000000 -1.964651 
-4.800000 -1.963855 
-4.600000 -1.962952 
-4.400000 -1.961965 
-4.200000 -1.960826 
-4.000000 -1.959530 
-3.800000 -1.958053 
-3.600000 -1.956359 
-3.400000 -1.954385 
-3.200000 -1.952073 
-3.000000 -1.949372 
-2.800000 -1.946155 
-2.600000 -1.942266 
-2.400000 -1.937555 
-2.200000 -1.931746 
-2.000000 -1.924450 
-1.800000 -1.915112 
-1.600000 -1.902918 
-1.400000 -1.886543 
-1.200000 -1.863784 
-1.000000 -1.830795 
-0.800000 -1.780194 
-0.600000 -1.696713 
-0.400000 -1.543946 
-0.200000 -1.209881 
0.000000 0.000000 
0.200000 1.689765 
0.400000 2.516487 
0.600000 2.976550 
0.800000 3.228183 
1.000000 3.365462 
1.200000 3.452363 
1.400000 3.511802 
1.600000 3.554586 
1.800000 3.586512 
2.000000 3.611028 
2.200000 3.630271 
2.400000 3.645670 
2.600000 3.658188 
2.800000 3.668513 
3.000000 3.677136 
3.200000 3.684392 
3.400000 3.690568 
3.600000 3.695881 
3.800000 3.700441 
4.000000 3.704449 
4.200000 3.707922 
4.400000 3.711012 
4.600000 3.713752 
4.800000 3.716172 
5.000000 3.718335 
5.200000 3.720291 
5.400000 3.722027 
5.600000 3.723599 
5.800000 3.725033 
6.000000 3.726342 
6.200000 3.727541 
6.400000 3.728619 
6.600000 3.729630 
6.800000 3.730535 
7.000000 3.731385 
7.200000 3.732170 
7.400000 3.732898 
7.600000 3.733562 
7.800000 3.734190 
8.000000 3.734757 
8.200000 3.735324 
8.400000 3.735808 
8.600000 3.736288 
8.800000 3.736741 
9.000000 3.737134 
9.200000 3.737527 
9.400000 3.737908 
9.600000 3.738233 
9.800000 3.738559 
