-10.020000 -1.972412 
-10.000000 -1.972398 
-9.980000 -1.972383 
-9.960000 -1.972368 
-9.940000 -1.972354 
-9.920000 -1.972340 
-9.900000 -1.972325 
-9.880000 -1.972310 
-9.860000 -1.972296 
-9.840000 -1.972281 
-9.820000 -1.972266 
-9.800000 -1.972252 
-9.780000 -1.972238 
-9.760000 -1.972223 
-9.740000 -1.972208 
-9.720000 -1.972193 
-9.700000 -1.972179 
-9.680000 -1.972164 
-9.660000 -1.972150 
-9.640000 -1.972136 
-9.620000 -1.972121 
-9.600000 -1.972106 
-9.580000 -1.972092 
-9.560000 -1.972077 
-9.540000 -1.972062 
-9.520000 -1.972048 
-9.500000 -1.972033 
-9.480000 -1.972019 
-9.460000 -1.972004 
-9.440000 -1.971989 
-9.420000 -1.971975 
-9.400000 -1.971960 
-9.380000 -1.971946 
-9.360000 -1.971931 
-9.340000 -1.971916 
-9.320000 -1.971902 
-9.300000 -1.971888 
-9.280000 -1.971872 
-9.260000 -1.971858 
-9.240000 -1.971843 
-9.220000 -1.971829 
-9.200000 -1.971814 
-9.180000 -1.971799 
-9.160000 -1.971786 
-9.140000 -1.971771 
-9.120000 -1.971756 
-9.100000 -1.971741 
-9.080000 -1.971727 
-9.060000 -1.971712 
-9.040000 -1.971698 
-9.020000 -1.971683 
-9.000000 -1.971669 
-8.980000 -1.971654 
-8.960000 -1.971639 
-8.940000 -1.971625 
-8.920000 -1.971610 
-8.900000 -1.971596 
-8.880000 -1.971581 
-8.860000 -1.971566 
-8.840000 -1.971552 
-8.820000 -1.971538 
-8.800000 -1.971523 
-8.780000 -1.971508 
-8.760000 -1.971494 
-8.740000 -1.971479 
-8.720000 -1.971464 
-8.700000 -1.971450 
-8.680000 -1.971436 
-8.660000 -1.971420 
-8.640000 -1.971406 
-8.620000 -1.971391 
-8.600000 -1.971377 
-8.580000 -1.971362 
-8.560000 -1.971348 
-8.540000 -1.971333 
-8.520000 -1.971319 
-8.500000 -1.971304 
-8.480000 -1.971289 
-8.460000 -1.971275 
-8.440000 -1.971260 
-8.420000 -1.971246 
-8.400000 -1.971231 
-8.380000 -1.971216 
-8.360000 -1.971202 
-8.340000 -1.971188 
-8.320000 -1.971173 
-8.300000 -1.971159 
-8.280000 -1.971144 
-8.260000 -1.971129 
-8.240000 -1.971114 
-8.220000 -1.971100 
-8.200000 -1.971085 
-8.180000 -1.971071 
-8.160000 -1.971056 
-8.140000 -1.971042 
-8.120000 -1.971027 
-8.100000 -1.971012 
-8.080000 -1.970997 
-8.060000 -1.970983 
-8.040000 -1.970968 
-8.020000 -1.970955 
-8.000000 -1.970940 
-7.980000 -1.970925 
-7.960000 -1.970911 
-7.940000 -1.970896 
-7.920000 -1.970881 
-7.900000 -1.970866 
-7.880000 -1.970852 
-7.860000 -1.970837 
-7.840000 -1.970823 
-7.820000 -1.970808 
-7.800000 -1.970793 
-7.780000 -1.970779 
-7.760000 -1.970765 
-7.740000 -1.970750 
-7.720000 -1.970736 
-7.700000 -1.970720 
-7.680000 -1.970706 
-7.660000 -1.970692 
-7.640000 -1.970677 
-7.620000 -1.970663 
-7.600000 -1.970648 
-7.580000 -1.970633 
-7.560000 -1.970618 
-7.540000 -1.970604 
-7.520000 -1.970589 
-7.500000 -1.970575 
-7.480000 -1.970561 
-7.460000 -1.970546 
-7.440000 -1.970532 
-7.420000 -1.970517 
-7.400000 -1.970502 
-7.380000 -1.970487 
-7.360000 -1.970472 
-7.340000 -1.970458 
-7.320000 -1.970443 
-7.300000 -1.970429 
-7.280000 -1.970414 
-7.260000 -1.970400 
-7.240000 -1.970385 
-7.220000 -1.970370 
-7.200000 -1.970357 
-7.180000 -1.970342 
-7.160000 -1.970326 
-7.140000 -1.970312 
-7.120000 -1.970298 
-7.100000 -1.970283 
-7.080000 -1.970269 
-7.060000 -1.970254 
-7.040000 -1.970239 
-7.020000 -1.970225 
-7.000000 -1.970210 
-6.980000 -1.970196 
-6.960000 -1.970182 
-6.940000 -1.970167 
-6.920000 -1.970152 
-6.900000 -1.970138 
-6.880000 -1.970123 
-6.860000 -1.970081 
-6.840000 -1.970022 
-6.820000 -1.969964 
-6.800000 -1.969906 
-6.780000 -1.969847 
-6.760000 -1.969789 
-6.740000 -1.969731 
-6.720000 -1.969673 
-6.700000 -1.969614 
-6.680000 -1.969556 
-6.660000 -1.969498 
-6.640000 -1.969439 
-6.620000 -1.969381 
-6.600000 -1.969323 
-6.580000 -1.969264 
-6.560000 -1.969206 
-6.540000 -1.969147 
-6.520000 -1.969089 
-6.500000 -1.969031 
-6.480000 -1.968973 
-6.460000 -1.968914 
-6.440000 -1.968856 
-6.420000 -1.968798 
-6.400000 -1.968739 
-6.380000 -1.968681 
-6.360000 -1.968622 
-6.340000 -1.968564 
-6.320000 -1.968506 
-6.300000 -1.968447 
-6.280000 -1.968389 
-6.260000 -1.968331 
-6.240000 -1.968272 
-6.220000 -1.968214 
-6.200000 -1.968156 
-6.180000 -1.968097 
-6.160000 -1.968039 
-6.140000 -1.967981 
-6.120000 -1.967922 
-6.100000 -1.967864 
-6.080000 -1.967806 
-6.060000 -1.967748 
-6.040000 -1.967689 
-6.020000 -1.967631 
-6.000000 -1.967573 
-5.980000 -1.967514 
-5.960000 -1.967456 
-5.940000 -1.967397 
-5.920000 -1.967339 
-5.900000 -1.967281 
-5.880000 -1.967222 
-5.860000 -1.967164 
-5.840000 -1.967106 
-5.820000 -1.967047 
-5.800000 -1.966989 
-5.780000 -1.966931 
-5.760000 -1.966872 
-5.740000 -1.966814 
-5.720000 -1.966756 
-5.700000 -1.966698 
-5.680000 -1.966639 
-5.660000 -1.966581 
-5.640000 -1.966523 
-5.620000 -1.966464 
-5.600000 -1.966406 
-5.580000 -1.966347 
-5.560000 -1.966289 
-5.540000 -1.966231 
-5.520000 -1.966173 
-5.500000 -1.966114 
-5.480000 -1.966056 
-5.460000 -1.965997 
-5.440000 -1.965939 
-5.420000 -1.965881 
-5.400000 -1.965823 
-5.380000 -1.965764 
-5.360000 -1.965706 
-5.340000 -1.965648 
-5.320000 -1.965589 
-5.300000 -1.965531 
-5.280000 -1.965472 
-5.260000 -1.965414 
-5.240000 -1.965356 
-5.220000 -1.965298 
-5.200000 -1.965239 
-5.180000 -1.965181 
-5.160000 -1.965123 
-5.140000 -1.965064 
-5.120000 -1.965006 
-5.100000 -1.964947 
-5.080000 -1.964889 
-5.060000 -1.964831 
-5.040000 -1.964772 
-5.020000 -1.964714 
-5.000000 -1.964656 
-4.980000 -1.964597 
-4.960000 -1.964539 
-4.940000 -1.964481 
-4.920000 -1.964422 
-4.900000 -1.964364 
-4.880000 -1.964306 
-4.860000 -1.964247 
-4.840000 -1.964189 
-4.820000 -1.964131 
-4.800000 -1.964072 
-4.780000 -1.964014 
-4.760000 -1.963956 
-4.740000 -1.963897 
-4.720000 -1.963839 
-4.700000 -1.963781 
-4.680000 -1.963723 
-4.660000 -1.963664 
-4.640000 -1.963606 
-4.620000 -1.963547 
-4.600000 -1.963489 
-4.580000 -1.963431 
-4.560000 -1.963372 
-4.540000 -1.963314 
-4.520000 -1.963256 
-4.500000 -1.963198 
-4.480000 -1.963139 
-4.460000 -1.963081 
-4.440000 -1.963023 
-4.420000 -1.962964 
-4.400000 -1.962906 
-4.380000 -1.962848 
-4.360000 -1.962789 
-4.340000 -1.962653 
-4.320000 -1.962507 
-4.300000 -1.962361 
-4.280000 -1.962216 
-4.260000 -1.962070 
-4.240000 -1.961923 
-4.220000 -1.961777 
-4.200000 -1.961632 
-4.180000 -1.961485 
-4.160000 -1.961341 
-4.140000 -1.961194 
-4.120000 -1.961048 
-4.100000 -1.960903 
-4.080000 -1.960757 
-4.060000 -1.960612 
-4.040000 -1.960466 
-4.020000 -1.960319 
-4.000000 -1.960173 
-3.980000 -1.960028 
-3.960000 -1.959882 
-3.940000 -1.959736 
-3.920000 -1.959590 
-3.900000 -1.959445 
-3.880000 -1.959299 
-3.860000 -1.959153 
-3.840000 -1.959007 
-3.820000 -1.958861 
-3.800000 -1.958715 
-3.780000 -1.958569 
-3.760000 -1.958422 
-3.740000 -1.958278 
-3.720000 -1.958131 
-3.700000 -1.957986 
-3.680000 -1.957840 
-3.660000 -1.957695 
-3.640000 -1.957548 
-3.620000 -1.957403 
-3.600000 -1.957257 
-3.580000 -1.957111 
-3.560000 -1.956965 
-3.540000 -1.956773 
-3.520000 -1.956481 
-3.500000 -1.956190 
-3.480000 -1.955898 
-3.460000 -1.955607 
-3.440000 -1.955315 
-3.420000 -1.955024 
-3.400000 -1.954732 
-3.380000 -1.954440 
-3.360000 -1.954148 
-3.340000 -1.953857 
-3.320000 -1.953565 
-3.300000 -1.953273 
-3.280000 -1.952982 
-3.260000 -1.952690 
-3.240000 -1.952399 
-3.220000 -1.952107 
-3.200000 -1.951815 
-3.180000 -1.951523 
-3.160000 -1.951232 
-3.140000 -1.950940 
-3.120000 -1.950648 
-3.100000 -1.950357 
-3.080000 -1.950065 
-3.060000 -1.949773 
-3.040000 -1.949482 
-3.020000 -1.949190 
-3.000000 -1.948898 
-2.980000 -1.948606 
-2.960000 -1.948315 
-2.940000 -1.948023 
-2.920000 -1.947731 
-2.900000 -1.947440 
-2.880000 -1.947148 
-2.860000 -1.946857 
-2.840000 -1.946565 
-2.820000 -1.946273 
-2.800000 -1.945982 
-2.780000 -1.945690 
-2.760000 -1.945398 
-2.740000 -1.945107 
-2.720000 -1.944815 
-2.700000 -1.944524 
-2.680000 -1.944232 
-2.660000 -1.943940 
-2.640000 -1.943648 
-2.620000 -1.943356 
-2.600000 -1.943065 
-2.580000 -1.942773 
-2.560000 -1.942482 
-2.540000 -1.942190 
-2.520000 -1.941899 
-2.500000 -1.941587 
-2.480000 -1.941076 
-2.460000 -1.940565 
-2.440000 -1.940055 
-2.420000 -1.939545 
-2.400000 -1.939035 
-2.380000 -1.938525 
-2.360000 -1.938013 
-2.340000 -1.937503 
-2.320000 -1.936828 
-2.300000 -1.936011 
-2.280000 -1.935194 
-2.260000 -1.934378 
-2.240000 -1.933562 
-2.220000 -1.932744 
-2.200000 -1.931928 
-2.180000 -1.931112 
-2.160000 -1.930295 
-2.140000 -1.929478 
-2.120000 -1.928661 
-2.100000 -1.927845 
-2.080000 -1.927027 
-2.060000 -1.926211 
-2.040000 -1.925395 
-2.020000 -1.924578 
-2.000000 -1.923761 
-1.980000 -1.922945 
-1.960000 -1.922128 
-1.940000 -1.921311 
-1.920000 -1.920494 
-1.900000 -1.919678 
-1.880000 -1.918861 
-1.860000 -1.918045 
-1.840000 -1.917228 
-1.820000 -1.916411 
-1.800000 -1.915594 
-1.780000 -1.914777 
-1.760000 -1.913961 
-1.740000 -1.913145 
-1.720000 -1.912328 
-1.700000 -1.911478 
-1.680000 -1.910253 
-1.660000 -1.908963 
-1.640000 -1.907213 
-1.620000 -1.905462 
-1.600000 -1.903713 
-1.580000 -1.901962 
-1.560000 -1.900212 
-1.540000 -1.898463 
-1.520000 -1.896712 
-1.500000 -1.894962 
-1.480000 -1.893212 
-1.460000 -1.891463 
-1.440000 -1.889712 
-1.420000 -1.887962 
-1.400000 -1.886213 
-1.380000 -1.884463 
-1.360000 -1.882713 
-1.340000 -1.880962 
-1.320000 -1.879205 
-1.300000 -1.876799 
-1.280000 -1.874392 
-1.260000 -1.871987 
-1.240000 -1.869580 
-1.220000 -1.867173 
-1.200000 -1.864768 
-1.180000 -1.862033 
-1.160000 -1.858825 
-1.140000 -1.855617 
-1.120000 -1.852409 
-1.100000 -1.849200 
-1.080000 -1.845991 
-1.060000 -1.842783 
-1.040000 -1.838698 
-1.020000 -1.834528 
-1.000000 -1.830357 
-0.980000 -1.826186 
-0.960000 -1.822014 
-0.940000 -1.817844 
-0.920000 -1.813673 
-0.900000 -1.809503 
-0.880000 -1.805331 
-0.860000 -1.799610 
-0.840000 -1.792974 
-0.820000 -1.786338 
-0.800000 -1.779704 
-0.780000 -1.773068 
-0.760000 -1.766433 
-0.740000 -1.759797 
-0.720000 -1.752685 
-0.700000 -1.744518 
-0.680000 -1.736352 
-0.660000 -1.727746 
-0.640000 -1.717830 
-0.620000 -1.707913 
-0.600000 -1.696819 
-0.580000 -1.684917 
-0.560000 -1.673018 
-0.540000 -1.661118 
-0.520000 -1.649217 
-0.500000 -1.634162 
-0.480000 -1.617536 
-0.460000 -1.600911 
-0.440000 -1.583474 
-0.420000 -1.564078 
-0.400000 -1.544683 
-0.380000 -1.523591 
-0.360000 -1.497763 
-0.340000 -1.471936 
-0.320000 -1.444058 
-0.300000 -1.414541 
-0.280000 -1.380925 
-0.260000 -1.343008 
-0.240000 -1.303337 
-0.220000 -1.260681 
-0.200000 -1.209542 
-0.180000 -1.155130 
-0.160000 -1.095921 
-0.140000 -1.025333 
-0.120000 -0.947954 
-0.100000 -0.860700 
-0.080000 -0.759225 
-0.060000 -0.639836 
-0.040000 -0.495482 
-0.020000 -0.311566 
0.000000 0.000000 
0.020000 0.330176 
0.040000 0.539221 
0.060000 0.726180 
0.080000 0.894555 
0.100000 1.050944 
0.120000 1.198511 
0.140000 1.334342 
0.160000 1.461858 
0.180000 1.587297 
0.200000 1.699707 
0.220000 1.806958 
0.240000 1.914210 
0.260000 2.008403 
0.280000 2.098617 
0.300000 2.182552 
0.320000 2.263210 
0.340000 2.337517 
0.360000 2.404436 
0.380000 2.471356 
0.400000 2.536219 
0.420000 2.590782 
0.440000 2.645346 
0.460000 2.699909 
0.480000 2.748935 
0.500000 2.794831 
0.520000 2.838672 
0.540000 2.882064 
0.560000 2.920391 
0.580000 2.958717 
0.600000 2.996911 
0.620000 3.031546 
0.640000 3.062884 
0.660000 3.092778 
0.680000 3.120595 
0.700000 3.147425 
0.720000 3.174057 
0.740000 3.196124 
0.760000 3.216431 
0.780000 3.236738 
0.800000 3.255356 
0.820000 3.273678 
0.840000 3.292000 
0.860000 3.308719 
0.880000 3.322547 
0.900000 3.335966 
0.920000 3.349384 
0.940000 3.362802 
0.960000 3.376221 
0.980000 3.389302 
1.000000 3.401194 
1.020000 3.410701 
1.040000 3.420207 
1.060000 3.429714 
1.080000 3.439220 
1.100000 3.448727 
1.120000 3.458233 
1.140000 3.467106 
1.160000 3.475808 
1.180000 3.484228 
1.200000 3.490698 
1.220000 3.497167 
1.240000 3.503637 
1.260000 3.510106 
1.280000 3.516576 
1.300000 3.523045 
1.320000 3.529515 
1.340000 3.535984 
1.360000 3.542060 
1.380000 3.548003 
1.400000 3.553945 
1.420000 3.558508 
1.440000 3.562699 
1.460000 3.566889 
1.480000 3.571080 
1.500000 3.575271 
1.520000 3.579462 
1.540000 3.583653 
1.560000 3.587844 
1.580000 3.592035 
1.600000 3.596226 
1.620000 3.600417 
1.640000 3.604607 
1.660000 3.608798 
1.680000 3.612989 
1.700000 3.617061 
1.720000 3.619642 
1.740000 3.622196 
1.760000 3.624750 
1.780000 3.627303 
1.800000 3.629857 
1.820000 3.632411 
1.840000 3.634965 
1.860000 3.637519 
1.880000 3.640073 
1.900000 3.642627 
1.920000 3.645181 
1.940000 3.647735 
1.960000 3.650289 
1.980000 3.652843 
2.000000 3.655396 
2.020000 3.657950 
2.040000 3.660504 
2.060000 3.663058 
2.080000 3.665612 
2.100000 3.667897 
2.120000 3.669487 
2.140000 3.671077 
2.160000 3.672666 
2.180000 3.674256 
2.200000 3.675845 
2.220000 3.677435 
2.240000 3.679024 
2.260000 3.680614 
2.280000 3.682204 
2.300000 3.683793 
2.320000 3.685383 
2.340000 3.686972 
2.360000 3.688562 
2.380000 3.690118 
2.400000 3.691560 
2.420000 3.693002 
2.440000 3.694444 
2.460000 3.695886 
2.480000 3.697328 
2.500000 3.698770 
2.520000 3.700212 
2.540000 3.701654 
2.560000 3.703096 
2.580000 3.704538 
2.600000 3.705979 
2.620000 3.707421 
2.640000 3.708863 
2.660000 3.710222 
2.680000 3.711006 
2.700000 3.711790 
2.720000 3.712574 
2.740000 3.713358 
2.760000 3.714141 
2.780000 3.714925 
2.800000 3.715709 
2.820000 3.716493 
2.840000 3.717277 
2.860000 3.718061 
2.880000 3.718845 
2.900000 3.719628 
2.920000 3.720412 
2.940000 3.721196 
2.960000 3.721980 
2.980000 3.722764 
3.000000 3.723548 
3.020000 3.724332 
3.040000 3.725115 
3.060000 3.725899 
3.080000 3.726683 
3.100000 3.727467 
3.120000 3.728251 
3.140000 3.729035 
3.160000 3.729819 
3.180000 3.730602 
3.200000 3.731386 
3.220000 3.732170 
3.240000 3.732954 
3.260000 3.733738 
3.280000 3.734522 
3.300000 3.735306 
3.320000 3.736089 
3.340000 3.736873 
3.360000 3.737657 
3.380000 3.738441 
3.400000 3.739225 
3.420000 3.740009 
3.440000 3.740793 
3.460000 3.741576 
3.480000 3.742360 
3.500000 3.743144 
3.520000 3.743928 
3.540000 3.744318 
3.560000 3.744692 
3.580000 3.745066 
3.600000 3.745439 
3.620000 3.745813 
3.640000 3.746187 
3.660000 3.746561 
3.680000 3.746934 
3.700000 3.747308 
3.720000 3.747682 
3.740000 3.748055 
3.760000 3.748429 
3.780000 3.748803 
3.800000 3.749176 
3.820000 3.749550 
3.840000 3.749924 
3.860000 3.750298 
3.880000 3.750671 
3.900000 3.751045 
3.920000 3.751419 
3.940000 3.751792 
3.960000 3.752166 
3.980000 3.752540 
4.000000 3.752913 
4.020000 3.753287 
4.040000 3.753661 
4.060000 3.754035 
4.080000 3.754408 
4.100000 3.754782 
4.120000 3.755156 
4.140000 3.755500 
4.160000 3.755828 
4.180000 3.756157 
4.200000 3.756485 
4.220000 3.756813 
4.240000 3.757141 
4.260000 3.757469 
4.280000 3.757797 
4.300000 3.758125 
4.320000 3.758453 
4.340000 3.758782 
4.360000 3.759110 
4.380000 3.759438 
4.400000 3.759766 
4.420000 3.760094 
4.440000 3.760422 
4.460000 3.760750 
4.480000 3.761078 
4.500000 3.761407 
4.520000 3.761735 
4.540000 3.762063 
4.560000 3.762391 
4.580000 3.762719 
4.600000 3.763047 
4.620000 3.763375 
4.640000 3.763703 
4.660000 3.764032 
4.680000 3.764360 
4.700000 3.764688 
4.720000 3.765016 
4.740000 3.765344 
4.760000 3.765672 
4.780000 3.766000 
4.800000 3.766328 
4.820000 3.766657 
4.840000 3.766985 
4.860000 3.767313 
4.880000 3.767641 
4.900000 3.767969 
4.920000 3.768297 
4.940000 3.768625 
4.960000 3.768953 
4.980000 3.769282 
5.000000 3.769610 
5.020000 3.769850 
5.040000 3.769958 
5.060000 3.770065 
5.080000 3.770173 
5.100000 3.770280 
5.120000 3.770388 
5.140000 3.770495 
5.160000 3.770603 
5.180000 3.770710 
5.200000 3.770818 
5.220000 3.770926 
5.240000 3.771033 
5.260000 3.771141 
5.280000 3.771248 
5.300000 3.771356 
5.320000 3.771463 
5.340000 3.771571 
5.360000 3.771678 
5.380000 3.771786 
5.400000 3.771893 
5.420000 3.772001 
5.440000 3.772109 
5.460000 3.772216 
5.480000 3.772324 
5.500000 3.772431 
5.520000 3.772539 
5.540000 3.772646 
5.560000 3.772754 
5.580000 3.772861 
5.600000 3.772969 
5.620000 3.773077 
5.640000 3.773184 
5.660000 3.773292 
5.680000 3.773399 
5.700000 3.773507 
5.720000 3.773614 
5.740000 3.773722 
5.760000 3.773829 
5.780000 3.773937 
5.800000 3.774045 
5.820000 3.774152 
5.840000 3.774260 
5.860000 3.774367 
5.880000 3.774475 
5.900000 3.774582 
5.920000 3.774690 
5.940000 3.774797 
5.960000 3.774905 
5.980000 3.775012 
6.000000 3.775120 
6.020000 3.775228 
6.040000 3.775335 
6.060000 3.775443 
6.080000 3.775550 
6.100000 3.775658 
6.120000 3.775765 
6.140000 3.775873 
6.160000 3.775980 
6.180000 3.776088 
6.200000 3.776196 
6.220000 3.776303 
6.240000 3.776411 
6.260000 3.776518 
6.280000 3.776626 
6.300000 3.776733 
6.320000 3.776841 
6.340000 3.776948 
6.360000 3.777056 
6.380000 3.777164 
6.400000 3.777271 
6.420000 3.777379 
6.440000 3.777486 
6.460000 3.777594 
6.480000 3.777701 
6.500000 3.777809 
6.520000 3.777916 
6.540000 3.778024 
6.560000 3.778131 
6.580000 3.778239 
6.600000 3.778347 
6.620000 3.778454 
6.640000 3.778562 
6.660000 3.778669 
6.680000 3.778777 
6.700000 3.778884 
6.720000 3.778992 
6.740000 3.779099 
6.760000 3.779207 
6.780000 3.779315 
6.800000 3.779422 
6.820000 3.779530 
6.840000 3.779637 
6.860000 3.779745 
6.880000 3.779852 
6.900000 3.779960 
6.920000 3.780067 
6.940000 3.780175 
6.960000 3.780283 
6.980000 3.780390 
7.000000 3.780498 
7.020000 3.780605 
7.040000 3.780713 
7.060000 3.780820 
7.080000 3.780928 
7.100000 3.781035 
7.120000 3.781143 
7.140000 3.781251 
7.160000 3.781358 
7.180000 3.781466 
7.200000 3.781573 
7.220000 3.781681 
7.240000 3.781788 
7.260000 3.781896 
7.280000 3.782003 
7.300000 3.782111 
7.320000 3.782218 
7.340000 3.782326 
7.360000 3.782434 
7.380000 3.782541 
7.400000 3.782649 
7.420000 3.782756 
7.440000 3.782864 
7.460000 3.782971 
7.480000 3.783079 
7.500000 3.783186 
7.520000 3.783294 
7.540000 3.783402 
7.560000 3.783509 
7.580000 3.783617 
7.600000 3.783724 
7.620000 3.783832 
7.640000 3.783939 
7.660000 3.784047 
7.680000 3.784154 
7.700000 3.784262 
7.720000 3.784370 
7.740000 3.784477 
7.760000 3.784585 
7.780000 3.784692 
7.800000 3.784800 
7.820000 3.784907 
7.840000 3.785015 
7.860000 3.785122 
7.880000 3.785230 
7.900000 3.785337 
7.920000 3.785445 
7.940000 3.785553 
7.960000 3.785660 
7.980000 3.785768 
8.000000 3.785875 
8.020000 3.785983 
8.040000 3.786090 
8.060000 3.786198 
8.080000 3.786305 
8.100000 3.786413 
8.120000 3.786521 
8.140000 3.786628 
8.160000 3.786736 
8.180000 3.786843 
8.200000 3.786951 
8.220000 3.787003 
8.240000 3.787021 
8.260000 3.787039 
8.280000 3.787057 
8.300000 3.787075 
8.320000 3.787094 
8.340000 3.787112 
8.360000 3.787130 
8.380000 3.787148 
8.400000 3.787167 
8.420000 3.787185 
8.440000 3.787203 
8.460000 3.787221 
8.480000 3.787240 
8.500000 3.787258 
8.520000 3.787276 
8.540000 3.787294 
8.560000 3.787312 
8.580000 3.787331 
8.600000 3.787349 
8.620000 3.787367 
8.640000 3.787385 
8.660000 3.787404 
8.680000 3.787422 
8.700000 3.787440 
8.720000 3.787458 
8.740000 3.787477 
8.760000 3.787495 
8.780000 3.787513 
8.800000 3.787531 
8.820000 3.787549 
8.840000 3.787568 
8.860000 3.787586 
8.880000 3.787604 
8.900000 3.787622 
8.920000 3.787641 
8.940000 3.787659 
8.960000 3.787677 
8.980000 3.787695 
9.000000 3.787713 
9.020000 3.787732 
9.040000 3.787750 
9.060000 3.787768 
9.080000 3.787786 
9.100000 3.787805 
9.120000 3.787823 
9.140000 3.787841 
9.160000 3.787859 
9.180000 3.787878 
9.200000 3.787896 
9.220000 3.787914 
9.240000 3.787932 
9.260000 3.787950 
9.280000 3.787969 
9.300000 3.787987 
9.320000 3.788005 
9.340000 3.788023 
9.360000 3.788042 
9.380000 3.788060 
9.400000 3.788078 
9.420000 3.788096 
9.440000 3.788115 
9.460000 3.788133 
9.480000 3.788151 
9.500000 3.788169 
9.520000 3.788187 
9.540000 3.788206 
9.560000 3.788224 
9.580000 3.788242 
9.600000 3.788260 
9.620000 3.788279 
9.640000 3.788297 
9.660000 3.788315 
9.680000 3.788333 
9.700000 3.788352 
9.720000 3.788370 
9.740000 3.788388 
9.760000 3.788406 
9.780000 3.788424 
9.800000 3.788443 
9.820000 3.788461 
9.840000 3.788479 
9.860000 3.788497 
9.880000 3.788516 
9.900000 3.788534 
9.920000 3.788552 
9.940000 3.788570 
9.960000 3.788588 
