-10.020000 -1.972173 
-10.000000 -1.972158 
-9.980000 -1.972142 
-9.960000 -1.972136 
-9.940000 -1.972120 
-9.920000 -1.972114 
-9.900000 -1.972098 
-9.880000 -1.972083 
-9.860000 -1.972076 
-9.840000 -1.972061 
-9.820000 -1.972054 
-9.800000 -1.972039 
-9.780000 -1.972024 
-9.760000 -1.972017 
-9.740000 -1.972001 
-9.720000 -1.971994 
-9.700000 -1.971979 
-9.680000 -1.971964 
-9.660000 -1.971957 
-9.640000 -1.971941 
-9.620000 -1.971934 
-9.600000 -1.971919 
-9.580000 -1.971912 
-9.560000 -1.971896 
-9.540000 -1.971881 
-9.520000 -1.971874 
-9.500000 -1.971858 
-9.480000 -1.971851 
-9.460000 -1.971835 
-9.440000 -1.971828 
-9.420000 -1.971813 
-9.400000 -1.971797 
-9.380000 -1.971790 
-9.360000 -1.971774 
-9.340000 -1.971767 
-9.320000 -1.971751 
-9.300000 -1.971744 
-9.280000 -1.971727 
-9.260000 -1.971710 
-9.240000 -1.971701 
-9.220000 -1.971684 
-9.200000 -1.971675 
-9.180000 -1.971658 
-9.160000 -1.971641 
-9.140000 -1.971631 
-9.120000 -1.971614 
-9.100000 -1.971597 
-9.080000 -1.971588 
-9.060000 -1.971571 
-9.040000 -1.971561 
-9.020000 -1.971544 
-9.000000 -1.971527 
-8.980000 -1.971517 
-8.960000 -1.971500 
-8.940000 -1.971490 
-8.920000 -1.971473 
-8.900000 -1.971456 
-8.880000 -1.971445 
-8.860000 -1.971423 
-8.840000 -1.971412 
-8.820000 -1.971390 
-8.800000 -1.971378 
-8.780000 -1.971357 
-8.760000 -1.971345 
-8.740000 -1.971324 
-8.720000 -1.971312 
-8.700000 -1.971290 
-8.680000 -1.971278 
-8.660000 -1.971257 
-8.640000 -1.971245 
-8.620000 -1.971223 
-8.600000 -1.971211 
-8.580000 -1.971190 
-8.560000 -1.971177 
-8.540000 -1.971165 
-8.520000 -1.971144 
-8.500000 -1.971131 
-8.480000 -1.971110 
-8.460000 -1.971098 
-8.440000 -1.971076 
-8.420000 -1.971063 
-8.400000 -1.971042 
-8.380000 -1.971029 
-8.360000 -1.971007 
-8.340000 -1.970995 
-8.320000 -1.970981 
-8.300000 -1.970958 
-8.280000 -1.970935 
-8.260000 -1.970920 
-8.240000 -1.970896 
-8.220000 -1.970881 
-8.200000 -1.970858 
-8.180000 -1.970843 
-8.160000 -1.970820 
-8.140000 -1.970804 
-8.120000 -1.970781 
-8.100000 -1.970766 
-8.080000 -1.970742 
-8.060000 -1.970727 
-8.040000 -1.970703 
-8.020000 -1.970688 
-8.000000 -1.970665 
-7.980000 -1.970649 
-7.960000 -1.970626 
-7.940000 -1.970610 
-7.920000 -1.970582 
-7.900000 -1.970563 
-7.880000 -1.970545 
-7.860000 -1.970516 
-7.840000 -1.970498 
-7.820000 -1.970479 
-7.800000 -1.970450 
-7.780000 -1.970431 
-7.760000 -1.970402 
-7.740000 -1.970384 
-7.720000 -1.970365 
-7.700000 -1.970336 
-7.680000 -1.970317 
-7.660000 -1.970298 
-7.640000 -1.970269 
-7.620000 -1.970250 
-7.600000 -1.970231 
-7.580000 -1.970202 
-7.560000 -1.970183 
-7.540000 -1.970163 
-7.520000 -1.970132 
-7.500000 -1.970111 
-7.480000 -1.970079 
-7.460000 -1.970057 
-7.440000 -1.970035 
-7.420000 -1.970004 
-7.400000 -1.969982 
-7.380000 -1.969951 
-7.360000 -1.969928 
-7.340000 -1.969906 
-7.320000 -1.969875 
-7.300000 -1.969853 
-7.280000 -1.969821 
-7.260000 -1.969799 
-7.240000 -1.969776 
-7.220000 -1.969745 
-7.200000 -1.969722 
-7.180000 -1.969691 
-7.160000 -1.969668 
-7.140000 -1.969641 
-7.120000 -1.969614 
-7.100000 -1.969577 
-7.080000 -1.969550 
-7.060000 -1.969523 
-7.040000 -1.969496 
-7.020000 -1.969458 
-7.000000 -1.969431 
-6.980000 -1.969404 
-6.960000 -1.969377 
-6.940000 -1.969350 
-6.920000 -1.969311 
-6.900000 -1.969284 
-6.880000 -1.969257 
-6.860000 -1.969227 
-6.840000 -1.969186 
-6.820000 -1.969156 
-6.800000 -1.969125 
-6.780000 -1.969084 
-6.760000 -1.969053 
-6.740000 -1.969023 
-6.720000 -1.968992 
-6.700000 -1.968951 
-6.680000 -1.968920 
-6.660000 -1.968889 
-6.640000 -1.968858 
-6.620000 -1.968817 
-6.600000 -1.968786 
-6.580000 -1.968755 
-6.560000 -1.968724 
-6.540000 -1.968683 
-6.520000 -1.968651 
-6.500000 -1.968617 
-6.480000 -1.968580 
-6.460000 -1.968544 
-6.440000 -1.968507 
-6.420000 -1.968470 
-6.400000 -1.968433 
-6.380000 -1.968384 
-6.360000 -1.968347 
-6.340000 -1.968310 
-6.320000 -1.968273 
-6.300000 -1.968232 
-6.280000 -1.968191 
-6.260000 -1.968151 
-6.240000 -1.968110 
-6.220000 -1.968058 
-6.200000 -1.968016 
-6.180000 -1.967975 
-6.160000 -1.967934 
-6.140000 -1.967893 
-6.120000 -1.967852 
-6.100000 -1.967810 
-6.080000 -1.967769 
-6.060000 -1.967716 
-6.040000 -1.967675 
-6.020000 -1.967633 
-6.000000 -1.967591 
-5.980000 -1.967550 
-5.960000 -1.967507 
-5.940000 -1.967459 
-5.920000 -1.967410 
-5.900000 -1.967361 
-5.880000 -1.967312 
-5.860000 -1.967264 
-5.840000 -1.967227 
-5.820000 -1.967174 
-5.800000 -1.967109 
-5.780000 -1.967056 
-5.760000 -1.967002 
-5.740000 -1.966949 
-5.720000 -1.966896 
-5.700000 -1.966842 
-5.680000 -1.966801 
-5.660000 -1.966747 
-5.640000 -1.966693 
-5.620000 -1.966639 
-5.600000 -1.966585 
-5.580000 -1.966531 
-5.560000 -1.966477 
-5.540000 -1.966423 
-5.520000 -1.966369 
-5.500000 -1.966315 
-5.480000 -1.966256 
-5.460000 -1.966194 
-5.440000 -1.966145 
-5.420000 -1.966080 
-5.400000 -1.966013 
-5.380000 -1.965945 
-5.360000 -1.965878 
-5.340000 -1.965823 
-5.320000 -1.965755 
-5.300000 -1.965688 
-5.280000 -1.965620 
-5.260000 -1.965552 
-5.240000 -1.965484 
-5.220000 -1.965428 
-5.200000 -1.965360 
-5.180000 -1.965291 
-5.160000 -1.965223 
-5.140000 -1.965167 
-5.120000 -1.965098 
-5.100000 -1.965029 
-5.080000 -1.964959 
-5.060000 -1.964893 
-5.040000 -1.964809 
-5.020000 -1.964725 
-5.000000 -1.964655 
-4.980000 -1.964571 
-4.960000 -1.964487 
-4.940000 -1.964416 
-4.920000 -1.964331 
-4.900000 -1.964247 
-4.880000 -1.964175 
-4.860000 -1.964090 
-4.840000 -1.964019 
-4.820000 -1.963934 
-4.800000 -1.963862 
-4.780000 -1.963776 
-4.760000 -1.963690 
-4.740000 -1.963616 
-4.720000 -1.963522 
-4.700000 -1.963434 
-4.680000 -1.963331 
-4.660000 -1.963243 
-4.640000 -1.963140 
-4.620000 -1.963051 
-4.600000 -1.962947 
-4.580000 -1.962858 
-4.560000 -1.962768 
-4.540000 -1.962664 
-4.520000 -1.962574 
-4.500000 -1.962470 
-4.480000 -1.962380 
-4.460000 -1.962287 
-4.440000 -1.962176 
-4.420000 -1.962078 
-4.400000 -1.961962 
-4.380000 -1.961853 
-4.360000 -1.961743 
-4.340000 -1.961619 
-4.320000 -1.961509 
-4.300000 -1.961399 
-4.280000 -1.961289 
-4.260000 -1.961178 
-4.240000 -1.961052 
-4.220000 -1.960941 
-4.200000 -1.960826 
-4.180000 -1.960707 
-4.160000 -1.960574 
-4.140000 -1.960454 
-4.120000 -1.960329 
-4.100000 -1.960196 
-4.080000 -1.960063 
-4.060000 -1.959930 
-4.040000 -1.959797 
-4.020000 -1.959663 
-4.000000 -1.959529 
-3.980000 -1.959393 
-3.960000 -1.959250 
-3.940000 -1.959107 
-3.920000 -1.958964 
-3.900000 -1.958820 
-3.880000 -1.958676 
-3.860000 -1.958519 
-3.840000 -1.958360 
-3.820000 -1.958200 
-3.800000 -1.958057 
-3.780000 -1.957897 
-3.760000 -1.957728 
-3.740000 -1.957558 
-3.720000 -1.957388 
-3.700000 -1.957234 
-3.680000 -1.957063 
-3.660000 -1.956892 
-3.640000 -1.956727 
-3.620000 -1.956538 
-3.600000 -1.956367 
-3.580000 -1.956172 
-3.560000 -1.955972 
-3.540000 -1.955789 
-3.520000 -1.955589 
-3.500000 -1.955405 
-3.480000 -1.955204 
-3.460000 -1.955019 
-3.440000 -1.954809 
-3.420000 -1.954606 
-3.400000 -1.954392 
-3.380000 -1.954160 
-3.360000 -1.953944 
-3.340000 -1.953728 
-3.320000 -1.953494 
-3.300000 -1.953277 
-3.280000 -1.953060 
-3.260000 -1.952837 
-3.240000 -1.952569 
-3.220000 -1.952319 
-3.200000 -1.952068 
-3.180000 -1.951816 
-3.160000 -1.951564 
-3.140000 -1.951311 
-3.120000 -1.951057 
-3.100000 -1.950791 
-3.080000 -1.950508 
-3.060000 -1.950238 
-3.040000 -1.949947 
-3.020000 -1.949656 
-3.000000 -1.949364 
-2.980000 -1.949085 
-2.960000 -1.948778 
-2.940000 -1.948471 
-2.920000 -1.948159 
-2.900000 -1.947826 
-2.880000 -1.947511 
-2.860000 -1.947174 
-2.840000 -1.946842 
-2.820000 -1.946492 
-2.800000 -1.946159 
-2.780000 -1.945804 
-2.760000 -1.945444 
-2.740000 -1.945055 
-2.720000 -1.944678 
-2.700000 -1.944299 
-2.680000 -1.943919 
-2.660000 -1.943531 
-2.640000 -1.943118 
-2.620000 -1.942690 
-2.600000 -1.942261 
-2.580000 -1.941831 
-2.560000 -1.941420 
-2.540000 -1.940979 
-2.520000 -1.940497 
-2.500000 -1.940034 
-2.480000 -1.939549 
-2.460000 -1.939084 
-2.440000 -1.938585 
-2.420000 -1.938081 
-2.400000 -1.937560 
-2.380000 -1.937037 
-2.360000 -1.936508 
-2.340000 -1.935941 
-2.320000 -1.935384 
-2.300000 -1.934799 
-2.280000 -1.934231 
-2.260000 -1.933622 
-2.240000 -1.933010 
-2.220000 -1.932383 
-2.200000 -1.931745 
-2.180000 -1.931090 
-2.160000 -1.930410 
-2.140000 -1.929749 
-2.120000 -1.929040 
-2.100000 -1.928312 
-2.080000 -1.927580 
-2.060000 -1.926839 
-2.040000 -1.926059 
-2.020000 -1.925252 
-2.000000 -1.924441 
-1.980000 -1.923624 
-1.960000 -1.922762 
-1.940000 -1.921895 
-1.920000 -1.920996 
-1.900000 -1.920094 
-1.880000 -1.919156 
-1.860000 -1.918169 
-1.840000 -1.917178 
-1.820000 -1.916171 
-1.800000 -1.915115 
-1.780000 -1.914054 
-1.760000 -1.912943 
-1.740000 -1.911804 
-1.720000 -1.910637 
-1.700000 -1.909438 
-1.680000 -1.908230 
-1.660000 -1.906934 
-1.640000 -1.905652 
-1.620000 -1.904314 
-1.600000 -1.902924 
-1.580000 -1.901511 
-1.560000 -1.900030 
-1.540000 -1.898530 
-1.520000 -1.896971 
-1.500000 -1.895355 
-1.480000 -1.893698 
-1.460000 -1.892017 
-1.440000 -1.890230 
-1.420000 -1.888431 
-1.400000 -1.886544 
-1.380000 -1.884596 
-1.360000 -1.882608 
-1.340000 -1.880508 
-1.320000 -1.878370 
-1.300000 -1.876141 
-1.280000 -1.873862 
-1.260000 -1.871443 
-1.240000 -1.868998 
-1.220000 -1.866435 
-1.200000 -1.863775 
-1.180000 -1.861011 
-1.160000 -1.858185 
-1.140000 -1.855191 
-1.120000 -1.852102 
-1.100000 -1.848918 
-1.080000 -1.845550 
-1.060000 -1.842090 
-1.040000 -1.838476 
-1.020000 -1.834707 
-1.000000 -1.830786 
-0.980000 -1.826674 
-0.960000 -1.822408 
-0.940000 -1.817925 
-0.920000 -1.813268 
-0.900000 -1.808372 
-0.880000 -1.803244 
-0.860000 -1.797897 
-0.840000 -1.792292 
-0.820000 -1.786378 
-0.800000 -1.780188 
-0.780000 -1.773677 
-0.760000 -1.766824 
-0.740000 -1.759609 
-0.720000 -1.752027 
-0.700000 -1.744027 
-0.680000 -1.735600 
-0.660000 -1.726676 
-0.640000 -1.717262 
-0.620000 -1.707303 
-0.600000 -1.696720 
-0.580000 -1.685495 
-0.560000 -1.673582 
-0.540000 -1.660918 
-0.520000 -1.647392 
-0.500000 -1.633000 
-0.480000 -1.617566 
-0.460000 -1.601076 
-0.440000 -1.583405 
-0.420000 -1.564398 
-0.400000 -1.543954 
-0.380000 -1.521890 
-0.360000 -1.498042 
-0.340000 -1.472199 
-0.320000 -1.444143 
-0.300000 -1.413572 
-0.280000 -1.380196 
-0.260000 -1.343597 
-0.240000 -1.303372 
-0.220000 -1.259007 
-0.200000 -1.209882 
-0.180000 -1.155232 
-0.160000 -1.094191 
-0.140000 -1.025615 
-0.120000 -0.948306 
-0.100000 -0.860395 
-0.080000 -0.758896 
-0.060000 -0.639570 
-0.040000 -0.495305 
-0.020000 -0.311359 
0.000000 0.000000 
0.020000 0.326758 
0.040000 0.539325 
0.060000 0.724978 
0.080000 0.893708 
0.100000 1.049754 
0.120000 1.195505 
0.140000 1.332769 
0.160000 1.461929 
0.180000 1.583728 
0.200000 1.698708 
0.220000 1.807375 
0.240000 1.910217 
0.260000 2.006750 
0.280000 2.096886 
0.300000 2.181213 
0.320000 2.260239 
0.340000 2.334400 
0.360000 2.404104 
0.380000 2.469679 
0.400000 2.531499 
0.420000 2.589792 
0.440000 2.644848 
0.460000 2.696925 
0.480000 2.746225 
0.500000 2.792918 
0.520000 2.837235 
0.540000 2.879304 
0.560000 2.919313 
0.580000 2.957330 
0.600000 2.993528 
0.620000 3.028051 
0.640000 3.060923 
0.660000 3.091566 
0.680000 3.119912 
0.700000 3.146244 
0.720000 3.170782 
0.740000 3.193726 
0.760000 3.215238 
0.780000 3.235460 
0.800000 3.254461 
0.820000 3.272420 
0.840000 3.289376 
0.860000 3.305447 
0.880000 3.320672 
0.900000 3.335148 
0.920000 3.348878 
0.940000 3.361977 
0.960000 3.374457 
0.980000 3.386357 
1.000000 3.397724 
1.020000 3.408618 
1.040000 3.419021 
1.060000 3.428975 
1.080000 3.438527 
1.100000 3.447689 
1.120000 3.456484 
1.140000 3.464936 
1.160000 3.473063 
1.180000 3.480880 
1.200000 3.488404 
1.220000 3.495651 
1.240000 3.502636 
1.260000 3.509373 
1.280000 3.515876 
1.300000 3.522148 
1.320000 3.528212 
1.340000 3.534061 
1.360000 3.539710 
1.380000 3.545167 
1.400000 3.550459 
1.420000 3.555599 
1.440000 3.560551 
1.460000 3.565338 
1.480000 3.569998 
1.500000 3.574520 
1.520000 3.578888 
1.540000 3.583116 
1.560000 3.587251 
1.580000 3.591240 
1.600000 3.595113 
1.620000 3.598896 
1.640000 3.602550 
1.660000 3.606101 
1.680000 3.609589 
1.700000 3.612922 
1.720000 3.616214 
1.740000 3.619385 
1.760000 3.622484 
1.780000 3.625513 
1.800000 3.628434 
1.820000 3.631318 
1.840000 3.634084 
1.860000 3.636823 
1.880000 3.639451 
1.900000 3.642055 
1.920000 3.644543 
1.940000 3.647030 
1.960000 3.649396 
1.980000 3.651751 
2.000000 3.654017 
2.020000 3.656256 
2.040000 3.658416 
2.060000 3.660543 
2.080000 3.662628 
2.100000 3.664638 
2.120000 3.666637 
2.140000 3.668552 
2.160000 3.670463 
2.180000 3.672296 
2.200000 3.674101 
2.220000 3.675888 
2.240000 3.677603 
2.260000 3.679303 
2.280000 3.680951 
2.300000 3.682566 
2.320000 3.684181 
2.340000 3.685710 
2.360000 3.687228 
2.380000 3.688734 
2.400000 3.690173 
2.420000 3.691611 
2.440000 3.693022 
2.460000 3.694370 
2.480000 3.695719 
2.500000 3.697051 
2.520000 3.698327 
2.540000 3.699597 
2.560000 3.700854 
2.580000 3.702047 
2.600000 3.703240 
2.620000 3.704433 
2.640000 3.705571 
2.660000 3.706690 
2.680000 3.707804 
2.700000 3.708892 
2.720000 3.709941 
2.740000 3.710991 
2.760000 3.712040 
2.780000 3.713037 
2.800000 3.714014 
2.820000 3.714991 
2.840000 3.715960 
2.860000 3.716879 
2.880000 3.717797 
2.900000 3.718715 
2.920000 3.719619 
2.940000 3.720472 
2.960000 3.721325 
2.980000 3.722177 
3.000000 3.723019 
3.020000 3.723817 
3.040000 3.724616 
3.060000 3.725414 
3.080000 3.726212 
3.100000 3.726956 
3.120000 3.727694 
3.140000 3.728433 
3.160000 3.729171 
3.180000 3.729887 
3.200000 3.730576 
3.220000 3.731266 
3.240000 3.731955 
3.260000 3.732644 
3.280000 3.733292 
3.300000 3.733927 
3.320000 3.734563 
3.340000 3.735198 
3.360000 3.735833 
3.380000 3.736431 
3.400000 3.737022 
3.420000 3.737613 
3.440000 3.738204 
3.460000 3.738794 
3.480000 3.739354 
3.500000 3.739897 
3.520000 3.740439 
3.540000 3.740981 
3.560000 3.741523 
3.580000 3.742058 
3.600000 3.742560 
3.620000 3.743063 
3.640000 3.743565 
3.660000 3.744067 
3.680000 3.744569 
3.700000 3.745056 
3.720000 3.745516 
3.740000 3.745975 
3.760000 3.746434 
3.780000 3.746892 
3.800000 3.747351 
3.820000 3.747799 
3.840000 3.748222 
3.860000 3.748645 
3.880000 3.749068 
3.900000 3.749491 
3.920000 3.749914 
3.940000 3.750337 
3.960000 3.750731 
3.980000 3.751120 
4.000000 3.751504 
4.020000 3.751888 
4.040000 3.752273 
4.060000 3.752657 
4.080000 3.753041 
4.100000 3.753394 
4.120000 3.753747 
4.140000 3.754099 
4.160000 3.754452 
4.180000 3.754805 
4.200000 3.755157 
4.220000 3.755510 
4.240000 3.755841 
4.260000 3.756164 
4.280000 3.756487 
4.300000 3.756808 
4.320000 3.757126 
4.340000 3.757445 
4.360000 3.757763 
4.380000 3.758082 
4.400000 3.758373 
4.420000 3.758664 
4.440000 3.758954 
4.460000 3.759245 
4.480000 3.759535 
4.500000 3.759826 
4.520000 3.760116 
4.540000 3.760407 
4.560000 3.760679 
4.580000 3.760943 
4.600000 3.761208 
4.620000 3.761472 
4.640000 3.761736 
4.660000 3.762001 
4.680000 3.762262 
4.700000 3.762523 
4.720000 3.762784 
4.740000 3.763023 
4.760000 3.763260 
4.780000 3.763496 
4.800000 3.763732 
4.820000 3.763968 
4.840000 3.764204 
4.860000 3.764441 
4.880000 3.764677 
4.900000 3.764913 
4.920000 3.765140 
4.940000 3.765354 
4.960000 3.765567 
4.980000 3.765780 
5.000000 3.765994 
5.020000 3.766207 
5.040000 3.766420 
5.060000 3.766634 
5.080000 3.766847 
5.100000 3.767061 
5.120000 3.767268 
5.140000 3.767457 
5.160000 3.767646 
5.180000 3.767836 
5.200000 3.768025 
5.220000 3.768214 
5.240000 3.768403 
5.260000 3.768592 
5.280000 3.768782 
5.300000 3.768971 
5.320000 3.769160 
5.340000 3.769344 
5.360000 3.769513 
5.380000 3.769683 
5.400000 3.769852 
5.420000 3.770022 
5.440000 3.770191 
5.460000 3.770361 
5.480000 3.770530 
5.500000 3.770699 
5.520000 3.770869 
5.540000 3.771038 
5.560000 3.771208 
5.580000 3.771369 
5.600000 3.771521 
5.620000 3.771672 
5.640000 3.771823 
5.660000 3.771974 
5.680000 3.772123 
5.700000 3.772272 
5.720000 3.772421 
5.740000 3.772570 
5.760000 3.772719 
5.780000 3.772867 
5.800000 3.773016 
5.820000 3.773165 
5.840000 3.773304 
5.860000 3.773436 
5.880000 3.773568 
5.900000 3.773700 
5.920000 3.773832 
5.940000 3.773964 
5.960000 3.774096 
5.980000 3.774228 
6.000000 3.774360 
6.020000 3.774492 
6.040000 3.774624 
6.060000 3.774756 
6.080000 3.774888 
6.100000 3.775020 
6.120000 3.775142 
6.140000 3.775258 
6.160000 3.775375 
6.180000 3.775492 
6.200000 3.775608 
6.220000 3.775725 
6.240000 3.775842 
6.260000 3.775958 
6.280000 3.776075 
6.300000 3.776192 
6.320000 3.776308 
6.340000 3.776425 
6.360000 3.776540 
6.380000 3.776655 
6.400000 3.776770 
6.420000 3.776877 
6.440000 3.776978 
6.460000 3.777079 
6.480000 3.777179 
6.500000 3.777280 
6.520000 3.777381 
6.540000 3.777481 
6.560000 3.777582 
6.580000 3.777683 
6.600000 3.777783 
6.620000 3.777884 
6.640000 3.777985 
6.660000 3.778085 
6.680000 3.778186 
6.700000 3.778286 
6.720000 3.778387 
6.740000 3.778488 
6.760000 3.778577 
6.780000 3.778665 
6.800000 3.778753 
6.820000 3.778841 
6.840000 3.778929 
6.860000 3.779016 
6.880000 3.779104 
6.900000 3.779192 
6.920000 3.779280 
6.940000 3.779368 
6.960000 3.779455 
6.980000 3.779543 
7.000000 3.779631 
7.020000 3.779719 
7.040000 3.779807 
7.060000 3.779894 
7.080000 3.779982 
7.100000 3.780070 
7.120000 3.780151 
7.140000 3.780227 
7.160000 3.780304 
7.180000 3.780380 
7.200000 3.780456 
7.220000 3.780532 
7.240000 3.780607 
7.260000 3.780682 
7.280000 3.780756 
7.300000 3.780831 
7.320000 3.780906 
7.340000 3.780980 
7.360000 3.781055 
7.380000 3.781130 
7.400000 3.781205 
7.420000 3.781279 
7.440000 3.781354 
7.460000 3.781429 
7.480000 3.781503 
7.500000 3.781578 
7.520000 3.781649 
7.540000 3.781714 
7.560000 3.781778 
7.580000 3.781842 
7.600000 3.781906 
7.620000 3.781970 
7.640000 3.782034 
7.660000 3.782099 
7.680000 3.782163 
7.700000 3.782227 
7.720000 3.782291 
7.740000 3.782355 
7.760000 3.782419 
7.780000 3.782484 
7.800000 3.782548 
7.820000 3.782612 
7.840000 3.782676 
7.860000 3.782740 
7.880000 3.782804 
7.900000 3.782869 
7.920000 3.782933 
7.940000 3.782997 
7.960000 3.783061 
7.980000 3.783117 
8.000000 3.783172 
8.020000 3.783227 
8.040000 3.783282 
8.060000 3.783336 
8.080000 3.783391 
8.100000 3.783446 
8.120000 3.783500 
8.140000 3.783555 
8.160000 3.783610 
8.180000 3.783665 
8.200000 3.783719 
8.220000 3.783774 
8.240000 3.783829 
8.260000 3.783883 
8.280000 3.783938 
8.300000 3.783993 
8.320000 3.784048 
8.340000 3.784102 
8.360000 3.784157 
8.380000 3.784212 
8.400000 3.784266 
8.420000 3.784320 
8.440000 3.784374 
8.460000 3.784427 
8.480000 3.784475 
8.500000 3.784520 
8.520000 3.784566 
8.540000 3.784611 
8.560000 3.784656 
8.580000 3.784701 
8.600000 3.784746 
8.620000 3.784792 
8.640000 3.784837 
8.660000 3.784882 
8.680000 3.784927 
8.700000 3.784973 
8.720000 3.785018 
8.740000 3.785063 
8.760000 3.785108 
8.780000 3.785154 
8.800000 3.785199 
8.820000 3.785244 
8.840000 3.785289 
8.860000 3.785335 
8.880000 3.785380 
8.900000 3.785425 
8.920000 3.785470 
8.940000 3.785516 
8.960000 3.785561 
8.980000 3.785606 
9.000000 3.785651 
9.020000 3.785696 
9.040000 3.785738 
9.060000 3.785776 
9.080000 3.785814 
9.100000 3.785852 
9.120000 3.785890 
9.140000 3.785927 
9.160000 3.785965 
9.180000 3.786003 
9.200000 3.786041 
9.220000 3.786078 
9.240000 3.786116 
9.260000 3.786154 
9.280000 3.786192 
9.300000 3.786230 
9.320000 3.786267 
9.340000 3.786305 
9.360000 3.786343 
9.380000 3.786381 
9.400000 3.786418 
9.420000 3.786456 
9.440000 3.786494 
9.460000 3.786532 
9.480000 3.786569 
9.500000 3.786607 
9.520000 3.786645 
9.540000 3.786683 
9.560000 3.786721 
9.580000 3.786758 
9.600000 3.786796 
9.620000 3.786834 
9.640000 3.786872 
9.660000 3.786909 
9.680000 3.786945 
9.700000 3.786976 
9.720000 3.787007 
9.740000 3.787038 
9.760000 3.787069 
9.780000 3.787101 
9.800000 3.787132 
9.820000 3.787163 
9.840000 3.787194 
9.860000 3.787225 
9.880000 3.787257 
9.900000 3.787288 
9.920000 3.787319 
9.940000 3.787350 
9.960000 3.787381 
